<?xml version="1.0"?>
<opencv_storage>
<frRecognitionResult type_id="opencv-matrix">
  <rows>2432</rows>
  <cols>1</cols>
  <dt>w</dt>
  <data>
    0 1 1 6 5 5 1 2 3 0 1 0 0 2 0 1 1 1 2 3 2 1 2 3 1 5 6 5 6 6 6 6 6 6
    6 4 5 6 5 4 6 5 5 6 6 4 4 5 6 5 4 5 6 4 5 6 5 6 2 6 5 5 6 6 7 8 8 12
    9 12 8 9 10 9 8 8 10 9 10 8 8 11 9 10 9 8 9 10 8 12 8 9 8 11 11 13 7
    13 13 11 12 13 12 11 11 12 12 13 11 11 11 12 13 12 11 12 13 11 12 13
    12 11 10 12 10 11 11 12 14 15 15 20 19 19 15 16 17 14 14 14 14 16 14
    15 15 18 16 17 16 15 16 17 15 16 18 16 20 20 20 20 19 20 20 18 19 20
    19 18 18 19 19 20 18 18 18 19 20 19 18 19 20 15 19 18 19 17 17 15 18
    20 15 17 21 21 22 25 26 23 22 23 24 21 21 21 21 23 21 22 22 25 23 24
    23 22 24 22 22 23 22 26 25 25 25 25 27 25 27 25 26 27 26 21 21 27 26
    27 25 25 25 26 27 26 27 26 27 25 26 27 27 27 27 27 27 27 27 22 28 28
    29 33 28 33 29 30 31 28 28 28 28 30 28 29 31 32 30 31 30 29 30 31 32
    30 32 30 32 32 32 34 32 34 32 32 33 34 28 28 28 28 33 28 32 32 32 33
    34 33 34 34 34 32 33 32 33 34 32 33 32 33 32 33 35 36 36 39 37 40 36
    37 38 35 36 35 35 37 35 36 36 39 37 38 37 36 37 36 36 37 36 38 36 39
    39 39 39 39 39 39 40 41 37 39 39 37 40 39 39 39 39 40 41 40 39 40 39
    39 41 39 41 39 36 39 39 39 39 39 42 42 46 48 44 47 43 44 45 42 42 42
    42 44 45 43 43 46 44 45 44 45 42 45 43 44 45 44 48 48 48 48 48 48 48
    46 47 48 47 46 46 47 47 48 46 46 46 47 48 47 48 47 48 48 47 48 48 48
    48 48 48 48 46 43 49 50 50 55 51 54 50 51 52 49 50 49 49 51 49 50 50
    50 51 52 51 50 51 52 52 51 50 52 53 53 53 55 53 50 55 53 54 55 54 53
    55 54 54 55 53 53 53 54 55 54 53 54 55 55 54 50 55 55 55 55 55 55 53
    55 56 57 57 61 56 61 57 58 59 58 57 57 56 58 59 57 57 60 58 59 57 57
    58 56 56 58 60 58 60 60 60 62 61 62 62 60 61 62 61 60 56 56 61 56 60
    60 60 61 62 61 62 61 62 60 61 62 61 60 62 62 61 61 60 62 63 64 67 68
    65 68 64 65 66 63 64 63 63 68 63 64 64 67 65 66 67 66 65 66 66 68 64
    68 68 68 68 68 68 68 68 67 68 69 65 67 63 65 68 63 69 67 67 68 69 68
    69 68 69 69 68 68 68 69 68 68 68 68 68 68 70 70 74 70 70 75 71 72 73
    70 70 70 70 75 70 71 71 70 75 73 70 70 70 70 70 75 71 72 71 71 74 70
    70 70 70 74 75 76 70 70 70 70 75 70 74 74 70 75 76 70 70 70 70 70 70
    70 70 70 70 70 70 70 71 70 77 77 78 81 82 82 78 79 80 77 77 77 77 79
    77 78 78 81 79 80 81 78 77 77 78 79 78 79 81 81 81 83 81 81 81 81 82
    83 82 77 77 77 82 77 81 81 81 82 83 78 81 82 81 81 82 81 82 81 81 81
    81 81 78 81 84 84 85 88 84 89 85 86 87 84 84 84 84 86 84 85 85 84 86
    87 84 84 84 84 84 86 88 87 85 88 88 88 88 88 88 88 89 90 84 84 84 84
    89 84 90 85 85 89 90 85 84 84 84 84 89 88 89 88 85 88 85 85 85 85 91
    92 95 92 93 96 92 93 94 91 92 91 91 93 91 92 92 92 93 94 93 92 93 92
    92 93 92 94 95 92 92 95 92 95 97 95 96 97 96 95 97 96 96 97 95 32 95
    96 97 96 95 96 95 95 96 95 97 92 92 92 95 92 92 94 98 99 102 103 103
    103 99 100 101 100 99 99 100 103 101 99 99 102 100 101 100 99 100
    100 101 100 103 100 70 103 103 103 103 103 103 102 103 70 103 102
    102 103 103 103 102 102 102 103 103 103 102 103 102 102 103 102 103
    103 100 103 101 103 103 103 105 105 106 109 105 110 106 107 108 105
    105 105 105 107 105 106 106 106 107 108 105 106 105 105 106 107 106
    107 109 109 106 109 109 106 105 109 110 70 105 105 105 105 110 105
    109 109 105 110 110 105 105 105 105 105 110 109 110 106 106 106 106
    108 106 105 112 113 116 116 117 117 113 114 115 114 113 112 114 114
    112 113 113 116 114 115 114 113 114 113 113 114 116 115 116 116 116
    116 116 116 112 116 117 28 117 116 116 117 117 117 116 116 116 117
    117 117 116 117 116 116 117 116 117 116 116 116 113 113 116 116 119
    119 120 123 124 124 120 121 122 119 119 119 119 121 119 120 120 123
    121 122 119 120 119 120 120 121 123 122 120 123 123 123 123 123 123
    123 124 125 124 119 119 124 124 119 123 123 123 124 125 124 123 124
    125 123 124 123 124 123 123 123 123 123 123 123 126 127 127 128 131
    131 127 128 129 126 127 129 126 128 129 127 127 130 128 129 128 127
    128 129 127 128 129 131 128 132 132 132 131 131 132 130 131 132 131
    130 132 131 131 132 132 130 127 131 132 131 132 131 132 130 131 130
    131 132 127 127 128 126 126 126 133 134 134 139 138 138 134 135 136
    133 133 133 133 135 133 134 134 137 135 136 135 134 136 134 137 135
    134 138 137 137 137 138 138 134 139 137 138 139 138 137 137 138 138
    139 137 137 134 138 139 138 139 138 139 134 138 134 138 134 139 134
    138 138 134 135 140 144 144 144 145 145 141 142 143 142 141 143 143
    145 143 141 141 144 142 143 142 144 142 144 144 142 144 144 144 144
    144 144 144 144 146 144 145 146 145 144 144 146 145 146 146 144 144
    145 146 142 144 145 146 144 142 144 146 144 144 144 144 144 144 144
    147 147 148 152 152 152 148 149 150 147 147 147 147 149 147 148 148
    150 149 150 152 150 147 147 152 152 152 152 152 152 152 152 152 152
    152 151 152 153 152 147 147 152 152 147 151 151 153 152 153 147 153
    147 147 152 152 153 152 152 147 152 152 147 147 147 154 158 158 160
    159 159 155 156 157 154 154 154 154 156 154 157 155 158 156 157 156
    155 156 157 155 159 155 159 160 160 160 160 160 160 160 158 159 160
    159 158 160 159 159 160 160 158 158 159 160 159 158 159 160 158 160
    160 160 160 160 160 160 160 160 160 161 162 162 166 166 166 162 163
    164 161 162 164 161 166 161 162 162 167 166 166 163 162 163 163 166
    163 166 163 166 166 166 166 166 163 167 165 166 167 166 165 167 166
    166 167 167 167 162 166 167 166 167 166 167 167 163 167 166 166 162
    163 166 166 167 166 168 168 172 174 168 173 169 170 171 168 168 168
    168 170 168 169 169 168 170 171 168 168 168 174 169 170 172 171 172
    172 172 174 172 172 172 172 173 174 168 168 168 168 173 168 174 172
    172 173 174 170 172 174 174 172 174 172 174 172 169 172 172 174 169
    171 175 175 176 181 175 180 176 177 178 175 175 175 175 177 175 178
    176 179 177 178 175 178 175 175 179 180 179 180 181 179 181 181 181
    181 181 179 180 181 175 175 175 175 180 175 181 179 179 180 181 180
    181 180 181 181 180 181 181 181 176 177 178 181 178 176 182 182 183
    187 182 187 183 184 185 182 182 182 182 187 182 183 183 182 184 185
    182 182 182 182 182 184 185 185 185 185 188 188 185 182 182 186 187
    188 182 182 182 182 187 182 186 186 182 187 188 182 182 182 182 182
    187 188 187 188 182 187 185 182 182 182 189 189 193 193 189 194 190
    191 192 189 189 189 189 194 189 190 190 193 191 192 189 190 194 193
    193 191 190 192 195 193 193 195 195 195 195 193 194 195 189 189 189
    189 194 189 195 193 193 194 195 194 193 194 195 193 194 193 195 193
    193 191 193 192 190 193 196 196 197 198 196 201 197 198 199 196 196
    196 196 198 196 197 197 200 198 199 198 197 198 199 197 198 197 199
    197 202 202 202 202 202 202 200 201 202 196 196 196 196 198 196 202
    200 200 201 201 201 202 201 202 202 201 200 202 202 202 199 198 202
    202 199 203 204 204 209 208 208 204 205 206 205 204 206 205 208 206
    204 204 207 205 206 205 204 205 206 204 205 206 205 207 207 209 209
    207 207 209 207 208 209 208 207 207 208 208 209 207 207 207 208 209
    208 207 208 209 207 208 207 208 209 204 209 205 209 204 205 210 210
    214 214 210 215 211 212 213 210 210 210 210 212 210 211 211 214 212
    213 212 214 210 214 214 213 214 213 214 214 214 214 214 214 214 214
    215 216 210 210 210 210 215 210 214 214 214 215 216 215 214 216 214
    214 215 214 211 213 213 214 214 213 213 214 217 218 218 222 222 222
    218 219 220 217 218 218 217 219 217 218 218 218 219 220 219 220 219
    220 218 219 221 222 223 223 222 223 219 223 223 221 222 223 222 221
    223 222 222 223 221 221 218 222 223 222 221 222 221 221 222 221 219
    223 220 223 220 219 220 220 224 225 228 229 226 229 225 226 227 224
    225 225 224 226 224 225 225 228 226 227 226 225 226 225 225 226 228
