<?xml version="1.0"?>
<opencv_storage>
<frRecognitionResult type_id="opencv-matrix">
  <rows>2432</rows>
  <cols>1</cols>
  <dt>w</dt>
  <data>
    0 38 38 228 76 190 38 76 114 0 38 38 76 76 114 38 38 38 76 114 76 38
    76 114 38 76 38 76 76 228 228 228 76 228 228 152 190 228 190 152 228
    190 190 228 228 152 152 190 228 190 152 190 228 152 76 228 76 228
    228 228 114 228 228 228 1 39 39 153 77 77 39 77 115 77 39 39 77 77
    115 39 39 39 77 115 77 39 77 115 39 77 39 77 153 153 1 1 191 229 229
    153 191 229 191 153 153 191 191 229 153 153 153 191 229 191 153 191
    229 153 191 153 191 229 1 1 1 229 39 1 2 154 154 230 192 192 40 78
    116 2 40 40 2 78 116 40 40 40 78 116 78 40 78 116 40 78 40 116 116
    154 230 230 230 154 230 154 192 230 192 154 154 192 192 230 154 154
    154 192 230 192 154 192 230 154 192 154 192 154 116 116 230 154 154
    230 3 41 155 155 193 79 41 79 117 79 41 3 117 79 117 41 41 41 79 117
    79 41 79 41 41 79 41 79 117 155 41 41 117 155 155 155 193 231 193
    155 155 193 193 231 155 155 155 193 231 193 155 193 155 155 193 155
    231 231 155 155 155 193 155 155 4 156 42 194 194 194 42 80 118 80 42
    118 80 80 118 42 156 156 80 118 80 156 80 156 156 80 156 80 80 194
    194 194 194 194 194 156 194 232 194 156 232 194 194 232 156 156 194
    194 232 194 156 194 232 156 194 156 194 232 194 194 80 194 194 194 5
    43 43 157 81 195 43 81 119 5 43 119 5 81 5 43 43 43 81 119 81 43 119
    43 43 81 43 119 43 43 43 43 43 43 157 157 195 233 81 157 157 5 195
    233 157 157 157 195 233 157 157 157 157 157 233 157 157 157 157 157
    157 157 157 157 6 44 44 158 196 196 44 82 120 82 44 120 82 82 120 44
    44 44 82 120 82 44 82 120 44 82 44 120 120 158 158 44 120 158 234
    158 196 234 196 158 234 196 196 234 158 158 44 196 234 196 158 196
    234 158 196 158 234 234 44 44 44 44 44 234 7 45 45 197 83 197 45 83
    121 7 45 45 7 83 7 45 45 45 83 121 83 45 83 45 45 83 45 83 45 159 45
    235 83 45 235 159 197 235 197 159 235 197 197 235 159 159 159 197
    235 197 159 197 235 235 197 45 197 235 45 197 197 197 45 235 8 46 46
    236 198 198 46 84 122 84 46 46 8 84 8 46 46 8 84 122 160 46 8 8 160
    84 46 122 122 160 236 236 84 160 236 160 198 236 198 160 160 198 198
    236 160 160 8 198 236 198 160 198 236 236 198 236 198 236 236 198
    198 198 236 236 9 9 161 199 199 199 47 85 123 9 9 9 9 199 9 47 47
    199 199 123 199 123 199 123 199 199 47 199 199 199 199 199 199 199
    199 161 199 237 199 161 199 199 199 199 237 237 199 199 199 199 199
    199 199 199 199 199 199 199 237 199 199 199 199 199 10 10 162 162 10
    200 48 86 124 10 10 10 10 86 10 48 48 162 86 124 10 10 10 10 48 86
    48 86 162 48 162 162 10 48 162 162 200 238 10 10 10 10 200 10 162
    162 162 200 238 162 162 238 238 162 86 162 10 10 162 10 10 162 162
    162 11 49 49 49 201 201 49 87 125 87 49 49 87 87 125 49 49 49 87 125
    11 49 87 11 49 87 163 11 239 163 49 49 11 163 49 163 201 239 201 163
    163 201 201 239 163 163 163 201 239 163 163 239 163 163 201 163 201
    239 11 163 163 163 49 49 12 12 50 164 12 202 50 88 126 12 12 12 12
    88 12 50 50 12 88 126 12 12 12 12 12 88 50 88 50 164 164 164 202 164
    164 164 202 240 12 12 12 12 202 12 164 164 12 202 240 50 12 12 12 12
    202 164 202 50 50 164 164 50 126 164 13 51 51 241 203 89 51 89 127
    13 51 127 13 89 13 51 51 51 89 127 89 51 89 51 51 89 51 127 165 165
    165 241 127 165 165 165 203 241 203 165 241 203 203 241 165 0 165
    203 241 203 165 241 241 165 203 165 241 165 165 165 241 241 165 127
    14 166 52 90 204 204 52 90 128 90 52 128 90 90 128 52 52 52 90 128
    90 52 90 128 166 90 128 90 0 204 204 204 204 204 204 166 204 0 204
    166 166 204 204 204 166 166 166 204 204 204 166 204 204 166 204 204
    204 204 204 204 90 204 204 204 15 53 53 167 91 91 53 91 129 91 53 53
    91 91 129 53 53 167 91 129 91 53 91 129 53 91 53 129 53 53 53 167 53
    167 167 167 205 0 205 167 167 205 205 15 167 167 167 205 167 91 167
    15 167 167 205 167 205 167 167 167 53 167 53 53 16 54 54 54 206 206
    54 92 130 92 54 54 16 92 16 54 54 54 92 130 92 54 92 54 54 92 54 92
    54 168 54 54 54 168 54 168 206 244 206 168 168 206 206 16 168 168
    168 206 206 206 168 206 168 168 206 168 206 168 54 54 54 168 168 168
    17 169 55 169 207 207 55 93 131 93 55 17 17 93 17 55 55 55 93 131 93
    55 93 55 55 93 55 93 55 55 55 55 169 55 55 169 207 245 207 169 245
    207 207 245 169 169 55 207 245 207 169 207 245 169 207 169 207 245
    169 169 169 131 55 169 18 56 56 208 208 208 56 94 132 18 56 132 18
    94 18 56 56 246 94 132 208 56 208 208 208 208 208 208 208 208 208
    208 208 208 246 170 208 246 208 170 246 208 208 246 246 170 208 208
    246 208 246 208 246 208 208 246 208 208 208 208 208 208 208 208 19
    57 57 209 95 209 57 95 133 19 57 57 19 95 133 57 57 57 95 133 95 57
    133 57 57 95 57 95 133 171 171 247 95 247 247 171 209 247 209 171
    171 209 209 247 171 171 171 209 247 209 171 209 247 57 209 171 209
    247 57 247 209 57 247 133 20 172 172 172 210 210 58 96 134 96 58 134
    134 210 134 58 58 172 96 134 210 172 96 134 172 210 172 210 172 172
    172 172 210 172 248 172 210 248 210 172 172 210 210 248 172 172 172
    210 248 210 172 210 248 172 210 172 210 172 172 172 172 210 172 172
    21 21 59 135 211 211 59 97 135 21 21 21 21 97 21 59 59 135 97 135
    211 135 211 211 59 97 135 97 135 249 211 249 97 249 249 173 211 249
    211 21 249 211 211 211 173 249 249 211 249 211 249 211 249 249 211
    249 249 249 211 97 97 211 135 211 22 174 174 174 212 212 60 98 136
    22 60 22 22 98 22 136 174 174 98 136 98 136 98 136 60 22 22 22 22 22
    22 174 22 250 250 174 212 250 212 174 250 212 212 250 250 174 174
    212 250 212 174 250 174 174 250 250 250 250 250 250 174 250 250 174
    23 61 61 213 213 213 61 99 137 23 61 137 23 99 23 61 61 251 99 137
    99 137 99 137 137 99 137 99 99 99 251 213 99 99 251 175 213 251 213
    175 251 213 213 251 251 61 251 213 251 99 251 213 251 251 213 251
    213 213 251 251 213 213 251 99 24 62 176 62 100 100 62 100 138 100
    62 62 100 100 138 62 176 176 100 138 100 62 100 62 62 100 176 100 62
    176 176 176 100 176 176 176 214 252 214 176 252 252 100 252 176 176
    176 214 252 100 176 214 252 176 100 176 252 176 176 252 176 252 176
    176 25 63 63 177 215 215 63 101 139 25 63 139 25 215 25 139 63 63
    101 139 101 139 101 139 63 101 63 101 215 253 253 253 215 253 253
    177 215 253 215 177 253 253 101 253 253 177 177 215 253 101 253 215
    253 253 101 253 215 253 63 101 253 253 177 63 26 26 178 254 216 102
    64 102 140 26 26 26 26 102 26 64 64 178 102 140 216 178 216 254 178
    216 178 102 254 254 254 254 102 254 254 178 216 254 216 26 26 216
    216 26 178 178 178 216 254 102 178 102 254 178 102 178 254 254 26
    216 254 102 26 102 27 27 179 255 27 217 65 103 141 27 27 27 27 103
    27 141 65 141 103 141 217 179 103 141 141 103 141 103 141 141 141
    103 103 103 255 179 217 255 27 27 27 27 217 27 179 179 255 217 255
    217 179 217 217 255 217 179 217 255 179 255 103 255 103 103 28 180
    66 104 218 218 66 104 142 28 66 142 28 104 28 66 66 66 104 142 104
    66 104 142 66 104 66 142 142 66 66 256 142 256 256 180 218 256 218
    180 256 218 218 256 180 180 180 218 256 218 180 218 256 180 218 180
    218 256 180 256 142 256 256 142 29 181 181 181 219 219 67 105 143
    105 67 67 105 105 143 67 67 181 105 143 105 67 105 67 67 105 67 105
    67 67 105 67 143 67 257 181 219 257 219 181 181 219 219 257 181 181
    181 219 257 219 181 219 181 181 219 181 219 181 181 181 181 181 181
    181 30 30 68 220 220 106 68 106 144 30 30 30 30 106 30 68 68 220 106
    144 106 182 144 144 182 106 68 106 144 144 220 220 106 106 220 182
    220 258 220 30 30 258 220 30 68 68 220 220 258 220 68 220 68 182 220
    68 220 144 220 220 220 144 220 220 31 69 69 221 221 107 69 107 145
    107 69 69 31 107 31 69 69 183 107 145 107 69 107 145 69 107 183 107
