<?xml version="1.0"?>
<opencv_storage>
<frRecognitionResult type_id="opencv-matrix">
  <rows>2432</rows>
  <cols>1</cols>
  <dt>w</dt>
  <data>
    0 0 0 25 0 0 0 0 0 0 0 0 0 0 0 0 26 25 0 0 0 26 33 26 26 33 18 33 33
    18 18 0 33 16 0 0 0 0 0 0 0 0 0 0 0 0 25 0 0 0 36 0 29 29 29 29 29
    29 29 29 29 3 0 0 1 1 1 1 1 1 1 1 1 1 1 1 1 1 1 1 1 31 1 1 1 35 1 26
    26 1 26 33 1 13 13 1 1 1 1 1 1 1 1 1 1 1 1 1 1 1 1 1 1 1 1 1 1 1 1 1
    1 1 1 1 1 1 1 1 2 2 2 2 2 2 2 2 2 2 2 2 2 2 2 26 26 8 26 26 33 33 33
    33 33 33 33 33 33 33 7 7 33 8 7 2 2 2 2 2 2 2 2 2 2 2 7 2 2 29 7 2 7
    7 3 7 3 7 2 2 2 7 2 2 3 3 3 19 3 3 3 3 3 3 3 3 3 3 3 26 26 26 3 33
    33 26 33 33 26 33 26 33 33 8 8 19 8 19 25 3 3 3 3 3 3 3 3 3 3 3 25 3
    3 3 3 3 3 29 3 29 3 3 19 29 29 3 3 3 4 4 4 1 4 4 4 4 4 4 4 4 4 4 4 4
    4 4 4 26 26 26 26 33 33 33 33 33 33 1 4 4 1 4 4 4 4 4 4 4 4 4 4 4 4
    4 1 4 4 4 4 4 4 4 3 4 4 4 4 4 4 4 4 4 5 5 5 25 5 5 5 5 5 5 5 5 5 5 5
    26 26 8 5 26 33 26 33 26 26 33 26 33 33 33 33 21 33 13 13 5 5 5 5 5
    5 5 5 5 5 5 25 5 5 27 5 5 5 7 27 5 1 1 5 5 5 1 5 5 6 6 6 19 6 6 6 6
    6 6 6 6 6 6 6 6 26 25 6 6 6 33 33 33 26 33 26 33 33 8 33 3 19 19 19
    6 6 6 6 6 6 6 6 6 6 25 25 6 6 3 29 3 3 29 3 19 3 3 29 29 29 3 3 19 7
    7 7 7 7 7 7 7 7 7 7 7 7 7 7 7 7 7 7 33 37 33 33 33 7 33 33 33 33 7 7
    7 19 7 7 7 7 7 7 7 7 7 7 7 7 7 7 7 7 3 7 7 7 7 3 7 7 7 7 7 7 7 7 7 8
    8 8 8 8 8 8 8 8 8 8 8 8 8 8 8 8 8 8 8 8 8 8 8 8 8 8 8 8 8 8 8 8 8 8
    8 8 8 8 8 8 8 8 8 8 8 8 8 29 3 8 8 8 8 3 8 8 8 8 8 8 8 8 8 9 9 9 7 9
    9 9 9 9 9 9 9 9 9 9 26 26 8 9 26 7 26 26 33 26 33 33 33 8 8 7 7 37 7
    7 9 9 9 9 9 9 9 9 9 9 7 7 9 9 17 7 27 7 7 27 7 27 7 7 7 7 7 7 7 10
    10 10 10 10 10 10 10 10 10 10 10 10 10 10 10 8 8 10 10 10 10 33 33
    10 33 10 33 10 10 10 10 10 10 10 10 10 10 10 10 10 10 10 10 10 10 8
    10 10 10 10 10 10 10 10 10 10 10 10 8 10 10 10 10 11 11 11 7 11 11
    11 11 11 11 11 11 11 11 11 11 11 7 11 11 7 11 26 26 7 26 35 26 7 7 7
    7 33 13 7 11 11 11 11 11 11 11 11 11 11 11 7 11 11 7 11 27 11 7 27 7
    27 13 7 7 7 7 13 11 12 12 12 25 12 12 12 12 12 12 12 12 12 33 12 12
    12 35 33 33 1 26 33 33 26 33 26 33 12 12 12 25 1 1 12 12 12 12 12 12
    12 12 12 12 12 22 4 12 12 1 1 3 1 1 3 1 3 1 1 1 25 1 1 1 13 13 13 25
    13 13 13 13 13 13 13 13 13 13 13 13 35 35 13 13 13 33 13 26 35 13 26
    13 13 13 13 13 13 13 13 13 13 13 13 13 13 13 13 13 13 0 7 13 13 13 7
    13 1 7 27 7 27 1 13 7 7 13 13 13 14 14 14 14 14 14 14 14 14 14 14 14
    14 14 14 26 26 26 14 26 14 26 26 26 26 33 33 33 10 18 14 14 33 14 14
    14 14 22 14 14 14 14 14 14 14 14 8 14 29 3 29 29 29 29 3 29 3 10 29
    29 14 3 21 14 15 15 15 15 15 15 15 15 15 15 15 15 15 15 15 15 26 25
    15 26 33 26 33 26 26 33 26 33 33 33 15 15 33 1 15 15 15 24 15 15 15
    15 15 15 15 25 25 15 27 15 25 3 25 25 3 25 25 1 1 1 15 1 15 15 16 16
    16 25 16 16 16 16 16 16 16 16 16 16 16 16 26 26 16 16 33 26 26 26 26
    33 26 37 8 1 8 25 37 1 25 16 16 25 16 16 16 16 16 16 16 16 7 16 16 3
    16 3 25 1 3 19 19 1 1 19 7 13 1 19 17 17 17 25 17 17 17 17 17 17 17
    17 17 17 17 26 26 8 17 26 33 33 33 33 26 33 33 33 33 33 33 19 33 33
    7 17 17 17 17 17 17 17 17 17 17 17 25 17 17 17 17 17 17 29 17 29 17
    17 17 29 29 17 17 17 18 18 18 21 18 18 18 18 18 18 18 18 18 18 18 18
    26 18 18 26 33 18 26 26 18 33 26 33 33 18 18 21 33 7 21 18 18 18 18
    18 18 18 18 18 36 36 25 2 36 17 36 17 25 23 17 10 3 10 10 21 21 10
    21 18 19 19 19 19 19 19 19 19 19 19 19 19 19 19 19 19 19 19 19 19 19
    26 19 19 19 19 19 33 19 19 19 19 19 19 19 19 19 19 19 19 19 19 19 19
    19 19 19 19 19 19 19 19 19 19 19 19 19 19 19 29 19 19 19 19 20 20 20
    7 20 20 20 20 20 20 20 20 20 20 20 20 20 20 20 20 33 20 26 26 26 33
    26 33 33 33 33 7 33 16 23 20 20 20 20 20 20 20 2 20 20 20 7 20 20 29
    20 2 23 23 29 23 29 23 23 23 29 29 23 23 21 21 21 7 21 21 21 21 21
    21 21 21 21 21 21 33 33 7 26 26 33 26 33 33 26 33 33 33 33 33 7 7 33
    19 19 21 21 21 21 21 21 21 21 21 21 21 7 21 21 21 21 21 19 7 3 19 3
    1 7 7 7 7 7 21 22 22 22 25 22 22 22 22 22 22 22 22 22 22 22 26 26 25
    26 26 33 26 26 26 26 33 26 26 37 35 25 25 37 16 16 22 22 22 22 22 22
    22 22 22 22 22 25 22 22 3 22 22 25 22 3 25 3 25 32 25 25 32 1 22 23
    23 23 7 23 23 23 23 23 23 23 23 23 9 23 26 26 25 26 26 33 26 26 26
    26 33 26 26 1 8 8 7 37 8 7 23 23 23 23 23 23 23 17 23 23 23 7 23 23
    29 23 7 7 23 7 23 7 7 7 23 7 1 7 7 24 24 24 25 24 24 24 24 24 24 24
    24 24 24 24 24 26 26 24 24 33 26 33 26 26 33 26 33 37 8 18 25 13 13
    25 24 24 24 24 24 24 24 24 24 24 25 25 24 24 3 25 29 25 25 27 25 27
    32 32 23 24 27 13 24 25 25 25 25 25 25 25 25 25 25 25 25 25 26 25 25
    25 21 26 26 26 26 26 33 33 26 33 33 33 8 25 25 33 8 25 25 25 25 25
    25 25 25 25 25 25 25 29 25 25 25 25 25 25 29 4 29 3 3 25 25 25 3 25
    25 26 26 26 26 26 26 26 26 26 26 26 26 26 26 26 26 26 26 26 26 26 26
    26 26 26 26 26 26 26 26 26 26 26 26 26 26 26 26 26 26 26 26 26 26 26
    25 26 26 36 17 36 36 36 10 4 10 4 4 10 10 26 10 14 26 27 27 7 1 27
    27 27 27 27 27 27 27 27 27 27 26 26 35 33 26 33 26 26 26 26 26 26 26
    26 13 13 13 31 13 13 27 27 27 27 27 27 27 27 27 27 27 7 27 27 27 27
    27 27 7 27 27 27 27 27 27 7 27 27 27 28 28 8 7 28 28 28 28 28 28 28
    28 28 28 28 26 26 25 28 26 37 26 26 26 26 37 26 33 33 7 7 28 37 13
    28 28 28 28 28 28 28 28 28 28 28 25 25 28 28 27 29 28 25 29 17 25 25
    25 25 7 29 17 17 28 29 29 29 19 29 29 29 29 29 29 29 29 29 29 29 29
    8 7 33 26 37 26 33 33 8 33 8 33 8 8 7 19 8 8 13 29 29 29 29 29 29 29
    29 29 29 29 7 29 29 29 29 29 29 7 3 7 3 3 29 29 29 3 29 29 30 30 30
    15 30 30 30 30 30 30 30 30 30 15 30 26 26 25 26 26 26 26 26 26 26 33
    33 26 26 15 30 30 15 30 30 30 30 30 30 30 30 30 30 30 30 30 30 30 30
    3 30 30 30 30 3 30 4 30 30 30 30 30 30 30 31 31 7 7 31 31 31 31 31
    31 31 31 31 31 31 31 26 7 31 33 33 33 33 33 7 33 7 33 7 7 7 7 31 13
    7 31 31 31 31 31 31 31 27 31 31 7 7 27 27 27 7 27 7 7 27 7 27 7 7 7
    7 27 31 31 32 32 32 32 32 32 32 32 32 32 32 32 32 32 32 32 31 7 32
    26 37 33 26 26 7 33 33 33 1 7 7 32 16 1 32 32 32 32 32 32 32 32 32
    32 32 32 32 32 32 32 32 32 32 32 3 32 32 32 32 32 32 32 32 32 33 33
    33 33 33 33 33 33 33 33 33 33 33 33 33 33 33 33 33 33 33 33 33 33 33
    33 33 33 21 33 33 33 33 33 33 33 33 33 33 33 33 33 17 33 21 21 25 21
    21 3 21 3 29 21 3 21 3 7 21 21 33 7 21 21 34 34 7 19 34 34 34 34 34
    34 34 34 34 34 34 26 26 25 26 26 26 26 26 26 35 37 26 33 7 7 7 32 16
    13 1 34 34 34 34 34 34 34 34 34 34 7 32 34 27 3 27 1 1 32 3 1 1 1 1
    32 7 13 1 1 35 35 35 35 35 35 35 35 35 35 35 35 35 35 35 35 35 35 35
    35 35 35 35 35 35 33 35 33 21 13 35 35 13 1 35 35 35 35 35 35 35 35
    35 35 35 35 35 35 35 32 36 4 4 7 4 7 4 4 21 35 35 4 1 35 36 36 36 36
    36 36 36 36 36 36 36 36 36 26 36 26 26 35 26 26 26 26 26 26 35 33 26
    33 7 8 25 36 13 13 36 36 36 36 36 36 36 36 36 36 36 36 7 36 36 29 36
    36 36 36 29 36 29 7 36 36 36 7 36 36 37 37 37 19 37 37 37 37 37 37
    37 37 37 37 37 26 26 8 37 37 37 33 37 33 8 37 33 33 29 8 37 37 37 37
    29 37 37 37 37 37 37 37 37 37 37 29 8 37 37 37 29 37 29 29 37 29 3 3
    29 29 37 3 37 37</data></frRecognitionResult>
</opencv_storage>
