<?xml version="1.0"?>
<opencv_storage>
<frRecognitionResult type_id="opencv-matrix">
  <rows>2432</rows>
  <cols>1</cols>
  <dt>c</dt>
  <data>
    0 38 38 63 0 0 38 0 0 0 38 38 0 0 0 64 56 46 26 26 26 64 26 64 64 26
    71 33 71 71 71 71 33 71 71 38 0 0 0 38 38 0 0 0 38 38 45 0 67 3 65
    29 65 65 3 65 65 65 65 65 63 1 65 67 1 39 39 73 1 1 39 1 1 1 39 39 1
    1 1 39 39 39 1 39 1 71 26 33 71 33 71 33 39 71 71 71 33 71 71 1 1 1
    1 39 1 1 1 1 39 39 39 1 1 1 65 1 65 65 1 65 1 65 59 59 59 1 39 1 2
    40 40 45 2 2 40 2 2 2 40 40 2 26 26 64 71 71 26 26 26 64 26 64 71 26
    71 33 71 71 71 71 33 71 71 40 2 2 2 40 2 2 2 2 40 40 45 2 2 29 65 67
    65 45 29 59 59 59 59 59 67 1 59 67 3 41 41 46 3 3 41 3 3 3 41 41 3 6
    3 64 64 64 26 26 33 64 33 64 64 33 64 33 71 71 71 71 33 33 71 41 3 3
    3 41 3 3 3 3 41 41 67 3 3 3 41 3 65 41 27 65 27 65 65 59 67 27 1 67
    4 42 42 1 4 4 42 4 4 4 42 42 4 4 4 42 42 42 4 42 26 42 26 33 42 33
    71 33 33 33 54 1 33 33 1 42 4 4 4 42 42 4 4 4 42 42 42 4 42 4 42 4
    42 42 27 42 27 27 1 1 1 1 1 1 5 43 43 45 5 5 43 5 5 5 43 43 5 5 5 64
    64 46 33 26 33 64 33 71 71 33 71 33 71 71 71 71 33 71 71 5 5 5 5 43
    43 5 27 5 65 43 45 27 65 27 65 27 65 65 27 65 27 65 65 65 45 27 65
    65 6 44 44 45 6 6 44 6 6 6 44 44 6 6 6 64 64 64 26 26 33 64 33 33 64
    33 71 33 71 71 71 71 33 71 57 44 6 6 6 44 44 6 6 6 41 41 46 3 65 3
    65 27 65 65 27 65 27 65 65 67 67 1 27 67 7 45 45 45 7 7 45 7 7 7 45
    45 7 37 7 71 71 45 33 71 37 71 33 71 71 33 71 33 71 71 54 45 33 71
    71 45 7 7 7 45 45 7 7 7 45 45 45 7 65 3 45 65 65 45 27 65 65 65 59
    59 45 27 39 59 8 46 46 45 8 8 46 8 8 8 46 46 8 8 8 46 46 46 33 71 46
    71 33 71 71 33 71 33 71 71 71 71 33 71 71 8 8 8 8 46 8 8 8 8 46 46
    46 8 67 3 59 65 65 46 27 65 65 65 59 65 71 27 1 65 9 47 47 45 9 9 47
    9 9 9 47 47 9 9 26 71 71 71 26 26 45 71 26 71 71 33 71 33 71 71 71
    71 33 71 71 47 9 9 9 47 47 9 27 9 65 45 45 27 65 27 65 27 65 65 27
    65 27 65 65 59 67 27 65 67 10 48 48 45 10 10 48 10 10 10 48 48 10 33
    10 71 71 48 33 71 46 71 33 71 71 33 71 33 46 71 71 71 33 33 71 48 10
    10 10 48 10 10 10 10 48 48 46 10 65 46 59 65 65 59 27 65 65 65 46 59
    45 27 65 67 11 49 49 45 11 11 11 11 11 11 49 49 11 26 11 49 49 49 26
    26 49 64 26 64 64 26 64 33 49 71 71 73 33 33 71 11 11 11 11 49 11 11
    11 11 49 49 49 27 65 49 65 27 65 65 27 65 27 65 49 70 45 49 27 59 12
    50 50 42 12 12 50 12 50 12 50 50 12 33 12 50 50 50 33 26 50 64 33 33
    71 33 71 33 50 71 71 56 33 33 71 50 12 50 12 50 50 12 12 12 50 50 50
    3 50 50 50 3 27 65 3 27 27 27 50 65 42 50 1 1 13 51 51 45 13 13 51
    13 13 13 51 51 13 13 13 51 51 71 13 26 37 71 26 33 71 37 71 33 33 71
    71 71 33 71 71 51 13 13 13 51 51 13 13 13 51 0 45 13 27 27 65 27 65
    65 27 65 27 65 65 65 45 1 1 59 14 52 52 45 14 14 52 14 14 14 52 52
    14 14 14 64 64 46 26 26 26 64 26 64 64 33 71 33 71 71 71 71 33 33 71
    52 14 45 14 52 52 14 14 14 67 67 45 29 29 3 67 3 65 67 27 65 27 65
    65 67 59 27 27 67 15 53 53 45 15 15 53 15 15 15 53 15 15 15 15 71 71
    71 33 26 33 71 33 33 71 33 71 33 71 71 71 71 33 37 71 53 15 71 15 53
    53 15 15 15 65 53 63 27 65 27 65 27 65 65 27 65 27 27 65 65 59 1 1 1
    16 54 54 73 16 16 54 16 16 16 54 54 16 16 16 54 54 54 16 26 33 64 26
    26 64 33 64 33 33 71 42 73 33 33 71 54 16 73 16 54 54 16 29 16 54 54
    54 16 16 3 65 3 65 65 3 65 27 65 65 65 45 1 1 65 17 55 55 45 17 17
    55 17 17 17 55 55 17 17 17 64 64 46 26 26 33 64 26 71 71 33 71 33 71
    71 71 71 33 71 71 55 17 17 17 55 55 17 17 17 55 55 67 17 17 17 55 27
    65 67 27 65 27 65 65 67 67 1 65 67 18 56 56 59 18 18 56 18 18 18 56
    56 18 33 18 64 56 56 26 64 33 64 33 71 71 33 71 33 71 71 71 38 33 33
    71 56 18 18 18 56 56 18 17 36 38 38 63 2 65 27 65 65 65 65 27 65 65
    65 65 65 59 27 65 65 19 57 57 57 19 19 57 19 19 19 57 57 19 19 19 57
    57 57 19 26 37 64 26 64 64 33 71 33 71 71 71 57 33 71 71 57 19 19 19
    57 57 19 19 19 57 57 63 19 57 3 57 29 65 67 27 65 27 65 67 67 67 1
    65 67 20 58 58 63 20 20 20 20 20 20 58 58 20 20 20 58 58 58 26 64 26
    64 26 64 64 37 64 33 71 71 64 73 33 71 71 20 20 20 20 58 58 20 2 20
    58 58 63 2 2 29 74 22 65 63 29 65 65 65 65 59 63 27 65 65 21 59 59
    45 21 21 59 21 21 21 59 71 21 26 33 71 71 71 26 26 33 71 33 71 71 33
    71 33 71 71 71 71 33 51 51 59 21 21 21 59 59 21 21 21 59 59 59 21 65
    27 59 27 65 59 27 65 27 65 65 65 59 27 65 57 22 60 60 73 22 22 60 22
    22 22 60 60 22 12 26 64 64 64 26 26 26 64 26 26 64 26 64 26 26 71 64
    73 33 33 71 60 22 22 22 60 22 22 22 22 60 60 74 22 22 3 65 27 65 65
    27 65 27 27 65 65 45 27 1 1 23 61 61 45 23 9 61 23 23 23 61 61 26 37
    26 64 61 73 26 26 37 64 26 26 64 37 71 33 71 71 71 54 37 33 71 61 23
    23 23 61 61 23 17 23 61 61 45 23 65 27 65 65 65 65 27 65 65 65 65 65
    45 27 65 59 24 62 62 46 24 24 24 24 24 24 62 62 24 24 24 62 62 64 24
    26 33 64 33 64 64 33 64 33 71 71 64 64 13 33 71 24 24 24 24 62 62 24
    15 24 65 62 46 27 65 27 65 27 65 65 27 65 27 65 65 65 45 27 65 65 25
    63 63 1 25 25 63 25 25 25 63 63 26 26 64 64 71 71 26 64 26 64 26 71
    71 26 71 33 33 33 71 25 33 33 1 25 25 25 25 63 63 25 25 25 63 63 67
    25 63 27 63 65 59 67 27 59 27 65 67 1 25 27 27 1 26 64 64 71 26 26
    64 26 26 26 64 64 26 26 26 64 64 64 26 26 26 64 26 64 64 26 64 26 64
    71 71 71 33 71 64 64 26 26 26 64 26 26 26 26 74 74 63 36 36 22 74 36
    63 63 22 63 22 60 59 59 59 10 59 52 27 65 65 45 27 27 65 27 27 27 65
    65 27 33 27 71 71 45 33 26 33 64 26 64 71 33 71 33 71 71 71 71 37 37
    71 65 27 27 27 65 65 27 27 27 65 65 65 27 27 27 65 27 65 65 27 65 27
    65 65 65 59 1 1 65 28 66 66 63 28 28 66 28 28 28 66 66 28 28 28 64
    71 46 26 26 26 64 26 71 71 33 71 33 71 71 71 51 33 33 57 66 28 28 28
    66 66 28 28 28 66 66 67 28 65 27 65 27 65 67 27 65 27 65 65 65 67 27
    65 65 29 67 67 71 29 29 67 29 29 29 67 67 29 37 29 71 71 46 33 26 37
    71 33 71 71 33 71 33 71 71 71 71 33 71 13 67 29 29 29 67 29 29 29 29
    67 67 67 29 29 27 67 27 65 67 27 67 27 65 65 67 67 27 1 1 30 68 68
    71 30 30 68 30 68 30 68 68 30 30 30 68 68 68 26 26 26 64 26 64 68 26
    54 26 54 54 54 68 16 54 68 68 30 68 30 68 68 30 30 30 68 68 68 30 68
    27 68 27 65 68 27 42 27 42 59 59 59 27 59 42 31 69 69 45 31 31 69 31
    31 31 69 69 31 31 31 69 69 45 33 33 33 71 33 33 71 33 71 33 33 71 71
    45 33 71 45 69 31 31 31 69 69 31 27 31 65 65 45 27 65 27 65 27 65 65
    27 65 27 65 65 59 45 1 1 59 32 70 70 45 32 32 32 32 32 32 70 70 32
    32 32 70 70 70 26 26 26 64 26 26 71 26 71 33 70 71 54 51 33 33 71 32
    32 32 32 70 70 32 32 32 70 70 70 32 32 32 70 32 70 70 3 70 32 70 70
    70 59 1 1 70 33 71 71 71 33 33 71 33 33 33 71 71 33 33 33 71 71 71
    33 33 33 71 33 71 71 33 71 33 59 71 71 71 33 51 16 71 33 33 33 71 71
    33 17 21 59 59 63 21 59 27 59 27 65 59 27 70 27 65 70 59 59 27 65 59
    34 72 72 45 34 34 72 34 34 34 72 72 34 13 34 64 69 69 26 26 26 64 26
    26 71 33 71 33 65 71 71 73 33 71 71 72 34 34 34 72 72 34 34 34 65 65
    70 34 27 3 65 34 65 65 3 65 1 65 65 70 45 1 65 59 35 73 73 45 35 35
    35 35 35 35 73 35 35 26 35 64 73 73 26 64 26 64 26 71 71 33 71 33 59
    71 71 45 33 33 65 73 35 35 35 73 73 35 34 35 73 73 45 36 65 32 65 27
    65 65 27 65 27 65 65 59 45 27 27 65 36 74 74 45 36 36 74 36 36 36 74
    64 26 26 26 64 64 73 26 26 26 64 26 64 71 26 71 33 65 71 71 45 33 33
    71 74 36 36 36 74 74 36 36 36 74 74 45 36 36 27 65 27 65 65 27 65 27
    65 65 65 45 27 1 65 37 75 75 57 37 37 75 37 37 37 75 75 37 37 37 75
    75 46 37 37 37 71 37 71 71 37 71 33 67 71 71 57 33 71 71 75 37 37 37
    75 75 37 37 37 67 67 67 37 29 27 67 27 65 67 27 67 27 65 67 67 67 27
    65 67</data></frRecognitionResult>
</opencv_storage>
